@estimator Bayes

@max_iters 1000

@max_evals 4000

@grad_tol 0.00002

@MCMC 
start 0
length 8000000
keep 5000
stepsize 0.02
adaptive_stepsize True
adapt_at 20000 100000 300000 500000 900000 1500000 2800000
burn_in 600
proposal_t True

@relative_abundance chatTANbiomass
q chatTAN
years 1992 1993 1994 1995 1996 1997 1998 1999 2000 2001 2002 2003 2004 2005 2006 2007 2008 2009 2010 2011 2012 2013 2014 2016
step 1
proportion_mortality 1
biomass True
ogive chatTANsel
1992 4591.35
1993 8209.08
1994 5747.09
1995 4460.76
1996 4620.06
1997 3829.8
1998 4395.97
1999 3662.25
2000 3700.34
2001 2448.4
2002 2793.26
2003 2871.84
2004 2238.34
2005 2805.9
2006 2485.05
2007 2788.12
2008 2603.77
2009 2296.11
2010 1905.99
2011 1943.49
2012 2120.49
2013 2488.81
2014 2498.46
2016 3086.08
cv_1992 0.15
cv_1993 0.17
cv_1994 0.10
cv_1995 0.23
cv_1996 0.13
cv_1997 0.17
cv_1998 0.18
cv_1999 0.12
cv_2000 0.09
cv_2001 0.13
cv_2002 0.15
cv_2003 0.16
cv_2004 0.17
cv_2005 0.18
cv_2006 0.19
cv_2007 0.12
cv_2008 0.13
cv_2009 0.21
cv_2010 0.25
cv_2011 0.15
cv_2012 0.15
cv_2013 0.15
cv_2014 0.15
cv_2016 0.14
dist lognormal
cv_process_error 0.15

@proportions_at chatTANage
years 1990 1992 1993 1994 1995 1996 1997 1998 1999 2000 2001 2002 2003 2004 2005 2006 2007 2008 2009 2010 2011 2012 2013 2014 2016
step 1
proportion_mortality 1
area chat
sexed False
plus_group True
sum_to_one True
min_class 3
max_class 19
ogive chatTANsel
1990 0.0903187175204043 0.0992423717242637 0.129110602375876 0.0774318050862004 0.0491940715897832 0.103187310931352 0.093071463020783 0.0703179871118032 0.0463805402395077 0.0389104380798419 0.0448470506392854 0.0331348455714094 0.0282964376391258 0.0239562863223491 0.0165348961108883 0.0043868856431528 0.0516782903939748
1992 0.104430397196647 0.114228767588099 0.144346544798946 0.0733615094370976 0.0741993201897199 0.059055782311363 0.04972634718702 0.0875160616433499 0.0610449317005876 0.0410012861664792 0.0332651022933341 0.0314838862463406 0.0289581906963692 0.0211549385531308 0.0190541172384595 0.0125156120526122 0.0446572047004443
1993 0.173530956556305 0.13210582706457 0.105080697641712 0.0895760848504431 0.0561906074255029 0.0688272521303507 0.048547750673153 0.0394341576129104 0.0582283940485051 0.0429495682303049 0.0383199667014796 0.0240453440509179 0.0236628622099805 0.0190282025363819 0.0173304954343033 0.0149670503839864 0.0481747824491933
1994 0.125505309115305 0.198828139640527 0.15230112196093 0.0832838439438491 0.0700932205432842 0.044620370355585 0.0517839541755344 0.0330955601353279 0.0239843337148372 0.0420606294829744 0.0348916984530428 0.032893729170317 0.0196273012047116 0.0169882958076604 0.0140766875487763 0.0107326892121235 0.0452331155352149
1995 0.0962685502319955 0.165387282982913 0.203777422616323 0.123271504695991 0.0663104893127625 0.0658132126066005 0.0345208922541144 0.0360215404522539 0.024089104024278 0.0215370048046231 0.0307005642214673 0.0240661140308963 0.0197871408791396 0.0171186220126335 0.0132895808774719 0.00951889653373004 0.048522077462807
1996 0.0999542525163668 0.113886868827183 0.157471840917592 0.192848375770347 0.0984299324148507 0.04854652330674 0.0530150069215235 0.0327768845234492 0.0295570272974886 0.0174007226264872 0.0151342541784714 0.0237885625826942 0.0207838961505779 0.0186127561846661 0.0172667221756344 0.0121429981871309 0.0483833754187964
1997 0.0837017759954284 0.126566486106763 0.136537724777197 0.137487761663209 0.162601509652173 0.103307902940954 0.0485585010467363 0.0380957531183535 0.0197593152076045 0.0183755387738523 0.0170043119539874 0.0128139855054449 0.0147644651646521 0.0142196459766368 0.0110248876578789 0.0113421543428473 0.0438382801162808
1998 0.0752675952209386 0.134970479500497 0.141783943162788 0.126905053598137 0.1306453298166 0.121140615653212 0.0659880885627473 0.0280422890573713 0.0259178038396839 0.0165609731628417 0.0215982739364149 0.0164271391278683 0.00624428395461049 0.0133416714226662 0.0146861519030867 0.0135782225591315 0.0469020855214053
1999 0.0683766045817287 0.122160075210688 0.13285527762587 0.154598248756523 0.110856177447656 0.103259306940203 0.0868842614273932 0.0545669973833618 0.0236530509104441 0.0215393122442517 0.0117892986017506 0.0188337806734302 0.0108941949829038 0.00902067840237173 0.01098918049204 0.0108086458070988 0.0489149085122856
2000 0.057067930115331 0.101725979109558 0.105789855796972 0.133546563778417 0.128510000881545 0.100488558562833 0.0736644541444589 0.10508473699141 0.0436862022119187 0.0266783588795463 0.0221142885394377 0.0108620823858588 0.0124066283408993 0.00976776318244108 0.00680480569440852 0.0110514781364599 0.0507503132485047
2001 0.0898373030439154 0.076329375390651 0.128782458956423 0.0973146048142316 0.102358302620946 0.102545406868212 0.0780252807953723 0.0755893874583338 0.0916421618117553 0.0378292944867953 0.0248912126945024 0.0189637126786511 0.00907583596026188 0.0103035436846173 0.0068309908365466 0.00478288614101847 0.0448982417577663
2002 0.0603279754422848 0.124472602409685 0.0930617396246247 0.124948846912706 0.10216340922986 0.0893941169916112 0.089594010092539 0.0609614562256679 0.0621269053586837 0.0608256023515636 0.0283160294590811 0.0182084148321588 0.0158034340878796 0.00785163037715951 0.00787464346187464 0.00624488293640136 0.0478243002062193
2003 0.108993607855647 0.109939014703145 0.13858091601645 0.0766286821003877 0.0891578997380253 0.0658567421911696 0.0780646859595239 0.0747929968703443 0.0547107162697723 0.0569231512823603 0.0463636181057542 0.0253684749825827 0.0132528366481935 0.011435693576215 0.00468832849592056 0.00655226127344709 0.0386903739310618
2004 0.229272750384124 0.109393813262402 0.0904387891625807 0.113744938424481 0.0598848619400768 0.0578640906366783 0.0471601051817065 0.0510420702731841 0.0448049499096024 0.0428629339716376 0.0360813790721507 0.0409289676152226 0.0203813229279511 0.0101178997734527 0.00790615758669063 0.00344815791281834 0.0346668119652396
2005 0.122719633748988 0.326153369643717 0.0940254642672855 0.0505126154234269 0.0734661444547828 0.0372948370006767 0.034106479244699 0.033903346951246 0.0374600526664479 0.040461978250306 0.0354339813423997 0.0321312435101188 0.0242905890601343 0.0148977686160189 0.00894407032840802 0.00719755273355038 0.0270008727577938
2006 0.0923479001668093 0.175827167257636 0.31093374200717 0.0801246414645729 0.0536018664299996 0.0586464787433078 0.025270165276121 0.0302166705167535 0.0237014783379183 0.0312246283282822 0.0239539295918748 0.0174483839243696 0.0197072069125143 0.0197142878623204 0.00937109316932524 0.00434359828250475 0.0235667617285204
2007 0.0570783591807713 0.142756863202098 0.181015592750026 0.23575869253859 0.0661262357111217 0.0443320297076707 0.0572841103021226 0.0257181511961788 0.0238415827338186 0.0226248113512148 0.0254824188955234 0.0260482608711226 0.0208305855644082 0.017533711516281 0.018897010634357 0.00799591717989317 0.026675666664802
2008 0.113613004709112 0.0839664257319965 0.180977410110856 0.138829928882438 0.215450869818391 0.0584176634923502 0.028054373929118 0.0319589024475977 0.0165942462035388 0.0153120477701301 0.0148813824491413 0.0184934760093037 0.0186157321390008 0.0120741772411137 0.0124191141784734 0.0131379546623196 0.0272032902251191
2009 0.0993282572970224 0.109122276064767 0.0762751859179346 0.120019511405641 0.113398284389856 0.194009554782902 0.0531427626187643 0.0303212146556254 0.0341973578395708 0.0155626142211858 0.02376059922792 0.0187979451382306 0.0219945103399316 0.0213274616082266 0.0168166101512333 0.0143684802659373 0.037557374075252
2010 0.105329892204541 0.133432894357889 0.11417944247994 0.0589065702723831 0.0902276400734944 0.111189553433235 0.181854326667136 0.045247675403622 0.0230806836253478 0.0312235427265039 0.0161459438760097 0.0166823427863503 0.0134945758666665 0.0120390548712453 0.0102372150166837 0.00776190618400652 0.0289667401549465
2011 0.104697356645753 0.10027655440306 0.142022854889023 0.0893275213068427 0.0525691639676468 0.0856861417591344 0.0974555602413329 0.181968268007001 0.0314097840924112 0.0139704276053332 0.0197410749886298 0.00934257140687866 0.0110684698927554 0.00876631008044424 0.00971503768777477 0.00818420987319373 0.0337986931527851
2012 0.248521340565072 0.154413151936642 0.111999050115713 0.0885453562960146 0.0672432436618915 0.0366392042314369 0.0585957196704161 0.0538557052039242 0.0698661069102472 0.0187188146703841 0.0121209825032146 0.0158481723682189 0.00771867349701355 0.00824940852729758 0.0052362961869858 0.00690288167868234 0.0355258919768455
2013 0.231560316353794 0.216431928653261 0.115403189208579 0.074070072938976 0.071615022935225 0.0571476508486046 0.0291006316380104 0.0421927533483361 0.0389589509240404 0.0597813651364995 0.0128655179551407 0.00727759184079664 0.00693877382156929 0.00386631833945562 0.00415132588634269 0.00368284954885273 0.0249557406225163
2014 0.0944722348251249 0.254744139182249 0.189007721623684 0.0833027428854262 0.0528935076371361 0.0500592673644266 0.045475091202527 0.0279252156338574 0.0433606074463125 0.0379450286671581 0.0510104878978009 0.0141428653284691 0.00768573031159935 0.00853220302990728 0.0045354530394102 0.00661775894605215 0.0282899449788594
2016 0.188172503516145 0.0740759837036311 0.102891736207793 0.227827001270977 0.14070370382088 0.0541648339001182 0.0324117708734351 0.0368182146097408 0.0246055916942286 0.0120956140259304 0.0193923212825731 0.0179948978921462 0.0307015697658661 0.00871812877960755 0.00458238891368039 0.0044894192845417 0.020354320458705
N_1990 25
N_1992 37
N_1993 31
N_1994 34
N_1995 22
N_1996 20
N_1997 21
N_1998 19
N_1999 17
N_2000 31
N_2001 23
N_2002 24
N_2003 10
N_2004 16
N_2005 16
N_2006 20
N_2007 21
N_2008 17
N_2009 27
N_2010 16
N_2011 13
N_2012 13
N_2013 14
N_2014 10
N_2016 17
ageing_error True
dist multinomial

@catch_at chatOBSwst
years 1992 1994 1995 1996 1997 1998 1999 2000 2001 2002 2003 2004 2005 2006 2008 2009 2010 2011 2014 2016
fishery chatFwest
sexed False
plus_group True
sum_to_one True
min_class 3
max_class 19
1992 0.102662332248412 0.0844561950187909 0.111447708605074 0.0578007713915751 0.12963993691991 0.0466800882425809 0.0396244118840613 0.0768492830784222 0.0508489693375603 0.0608254545785026 0.0396452120338982 0.0313309685543935 0.0402575203961196 0.0336566023287159 0.0179304246051864 0.0161581127499308 0.0601860080268663
1994 0.0678740238910654 0.148115326052933 0.184071037923396 0.092295560753057 0.0625764659062474 0.0727289452714176 0.0495440208162704 0.0458961642623862 0.0320403112098903 0.0559044837529859 0.0391481201737028 0.0236352942154148 0.0221544525895222 0.0223885248278161 0.017015712849227 0.0109546500042936 0.0536569055003744
1995 0.0501074285306007 0.105374651401498 0.230050826379957 0.139514536423313 0.0614473632707742 0.0651528986900599 0.0308728285330221 0.0283332763312995 0.0566034454991492 0.022247183324037 0.0387740362177395 0.0390665372388267 0.0205402231480885 0.0349521001125226 0.0189322171852385 0.00862428220329502 0.0494061655105783
1996 0.0637381284498233 0.0663934913740674 0.151262386964891 0.195222447010117 0.135795530721048 0.052727584557563 0.0556175212182982 0.0362061766225686 0.0256675468195051 0.0342904420544124 0.0202141047792671 0.0378964614013243 0.0149202729489402 0.0260270597669629 0.0170996601559279 0.0101290528749569 0.056792132280327
1997 0.0380682950721018 0.106337096319414 0.105089987589837 0.105865187748345 0.201698759886165 0.111159651542788 0.0546932179629872 0.0313433242054965 0.034251967173119 0.0264352013375076 0.0205354956396473 0.0209750220854511 0.0254887016524478 0.0258260177383693 0.0175804556286396 0.0158577429882546 0.0587938754294301
1998 0.029410641748981 0.068743079558936 0.179895014107833 0.164312177960588 0.117627371926266 0.114556506790943 0.0583657236210975 0.0334767839469092 0.0333037939231094 0.0240122718187802 0.0311823284285382 0.019612013416101 0.0136333379314004 0.0200320109857081 0.0135079493854334 0.00894919471770521 0.0693797997316703
1999 0.0437779904444197 0.0892740816091889 0.121070379580214 0.112900961301856 0.0867083651732221 0.117773208897151 0.171812250062492 0.0563223400309652 0.0283778837551929 0.0303115366005675 0.0171165738889253 0.0201757587633546 0.017208414049975 0.00863896471439665 0.0104082853822724 0.0111934280081004 0.0569295777377068
2000 0.0316624932346411 0.0739661797650481 0.0744563118283356 0.158954242357006 0.0858671037924187 0.13198213792086 0.102305935315677 0.0830910840706157 0.0709987497731879 0.0239628533932327 0.0208318304091308 0.0131520926693605 0.0182572290888014 0.0100283379479984 0.00660034364232072 0.0191946447135704 0.074688430077795
2001 0.0560189306757772 0.0542456947164461 0.08093164976625 0.0884434448077294 0.167912091211687 0.132871058989125 0.10942580703932 0.0760036384406324 0.0560047953775908 0.0438711298106888 0.0211563379937424 0.0161194104757833 0.00990917881204655 0.014871598429302 0.00759757398257908 0.00577047509752714 0.0588471843737731
2002 0.0522106470503568 0.0791521743717138 0.0568318001971071 0.0791063717918522 0.0978367642940034 0.125190310358312 0.0805679648313642 0.0867413960362364 0.0945513493300472 0.0610011640572315 0.041208826472441 0.0270283272997108 0.0282690864720329 0.0112840994238932 0.00958911770289004 0.00953066829461577 0.0598999320161917
2003 0.0580891118536476 0.0734094545060462 0.127088648572988 0.0771121414127917 0.0759784429066563 0.0554059852756827 0.0673569837436836 0.068153636747995 0.0907374441904581 0.0738265726140438 0.116192294269305 0.02361484638762 0.0157286666591402 0.00747407888667256 0.0121204931985255 0.00503631699070017 0.0526748817840442
2004 0.13397129941086 0.135627489668228 0.0895666736952073 0.108976364702069 0.083618821539379 0.0522721556534099 0.0488221867006554 0.0623221352230775 0.0843285321646107 0.0508661533013227 0.0481694914836356 0.031786209357226 0.0179289603007062 0.00967842518351687 0.00688335811107075 0.00513408244665512 0.0300476610583701
2005 0.0910562518390751 0.271835385745373 0.104578757090364 0.0613264071195811 0.0788193582877209 0.0520233720172826 0.0518992306936963 0.0595038879030604 0.0309408529716824 0.038930689413249 0.036515347173581 0.0258857648811327 0.0322837150311207 0.0163458675401636 0.00878751489618016 0.00997167777253932 0.0292959196241972
2006 0.0551322827075664 0.160889594475097 0.275105520931756 0.0852053690347549 0.0425886112868439 0.075432917752243 0.0253663948983108 0.0494758492638232 0.0275029123394574 0.0388405079034529 0.0325604293009219 0.0259347523657166 0.0230599934600089 0.0269224921030228 0.0226448331592686 0.00628500423321769 0.0270525347845375
2008 0.0514610715101608 0.0290343820246291 0.127698157072895 0.212611682487861 0.287578842461426 0.0668899497330695 0.0225505846649628 0.0340586337339242 0.0211454320201956 0.0132892386924702 0.0283166965340222 0.020033095055596 0.02508771619302 0.0166676789255373 0.0105630612516031 0.00971276259150025 0.0233010150471267
2009 0.0863036735500211 0.0852605144485243 0.0548478861887933 0.17944167988205 0.154279186675939 0.181501289549161 0.0556903497206531 0.0377784227507643 0.0247607205163251 0.0140949337967127 0.0239086800665986 0.00746087687877762 0.0148053808512068 0.0217931350943385 0.00834199147756566 0.0119057495755174 0.0378255289770521
2010 0.0704603233329135 0.131918662636699 0.0749289418950057 0.0456810155030097 0.139421548409859 0.114683541530463 0.15046621613089 0.0520918608599185 0.0250132263137813 0.0323725507043924 0.0121800110115909 0.0256083928494759 0.0147402190593037 0.0282135990943571 0.0183293257644358 0.0192711317187985 0.044619433185106
2011 0.143493696721891 0.0934221028563627 0.116597145949727 0.0936365328171178 0.0650347998285619 0.0796101757486813 0.0936560708545442 0.104218333887274 0.0464522701224682 0.0214066553258975 0.0234483802369598 0.0150720816765928 0.0182934644423696 0.0136889840071756 0.0133593284706981 0.0119006185964406 0.0467093584572384
2014 0.0433233073978814 0.272059852108799 0.139068252165904 0.0858356474574654 0.0808891629029077 0.095926582669034 0.0645572262511982 0.020012185192463 0.0475003921596433 0.0550660589618867 0.0357166066514907 0.00979660070452497 0.00328217125840272 0.00582089709388387 0.0094881791217273 0.00147011975527684 0.0301867581475105
2016 0.172279127321141 0.0396328024042372 0.0747752356815797 0.240258882996791 0.10306439699933 0.0936531743634302 0.0379262979543307 0.0432224707987684 0.0303459966503981 0.0187984747455648 0.0149365602784114 0.035048192989268 0.0358277276369643 0.0156852616053754 0.0104412657009204 0.00214704331850067 0.0319570885549882
N_1992 27
N_1994 9
N_1995 11
N_1996 11
N_1997 7
N_1998 55
N_1999 30
N_2000 31
N_2001 32
N_2002 23
N_2003 14
N_2004 15
N_2005 17
N_2006 8
N_2008 19
N_2009 12
N_2010 12
N_2011 9
N_2014 12
N_2016 16
ageing_error True
dist multinomial

@catch_at chatOBSest
years 1992 1995 1997 1998 2001 2004 2007 2015
fishery chatFeast
sexed False
plus_group True
sum_to_one True
min_class 3
max_class 19
1992 0.0145464857982096 0.0217634378524645 0.0685848938462644 0.0426501518189514 0.0610339440925153 0.0894491771289737 0.0831851811652291 0.108121784531368 0.0937185017859144 0.0768804994743463 0.0791053663425903 0.0477110815379884 0.046562138017145 0.029548812341922 0.0420500908775138 0.0170702321593651 0.0780182212292388
1995 0.0315233221171448 0.0412900594301204 0.0891180532953278 0.0463733178976526 0.0482846186083861 0.0570926303381327 0.0444985471663735 0.0761100258155687 0.0471689632154606 0.0471443613925629 0.100048158627455 0.069661179799763 0.0419429396241427 0.0445585607040484 0.0474714538106357 0.0504784675275517 0.117235340629674
1997 0.0116750996956468 0.0229671524153649 0.023446868196365 0.138609059761598 0.116772372659655 0.114885123075632 0.0690854289231304 0.0549934965969979 0.066341744915358 0.0461720814027616 0.0298987023145294 0.0256012859443031 0.0637859420882305 0.0213552556395018 0.0109375535579142 0.0315904767180918 0.15188235609492
1998 0.0148135770852057 0.0256835975916588 0.0591842266922486 0.0901249085762136 0.138874654824722 0.169458524137617 0.0822997344214299 0.0692655541810317 0.074784712732269 0.0298502077725319 0.0396830473272054 0.0397122785109124 0.0261378016965509 0.0213701910594311 0.0214965393057512 0.01556018451757 0.0817002595676506
2001 0.0149542096020984 0.0165681742593424 0.0329601344868532 0.0721577768102727 0.0813090574817079 0.0723342442963031 0.0891385745055326 0.078746952347905 0.0418582777770706 0.0754400086868892 0.0305348946204923 0.0641049032736087 0.0427307938570128 0.106959572870366 0.0236085299529099 0.0147344014480447 0.14185949372359
2004 0.0633183770828539 0.028734397983896 0.0285989311018715 0.0802525633534897 0.0740794586888773 0.0737127068863232 0.0647435327360222 0.107268018767307 0.0670938280713091 0.0617216851136261 0.0694655998635022 0.0579321918264245 0.0543690273543126 0.0327298449860454 0.0360270317995482 0.0182235171008312 0.0817292872837604
2007 0.00816984142971445 0.0382080526763174 0.0658939741152303 0.17807329274224 0.0745982411714669 0.062733175211683 0.0894759969730489 0.0638650879458833 0.0683845683727583 0.0401119300437969 0.0710247572392946 0.0362391826162448 0.0469464873195172 0.0377095772934696 0.0316882085874733 0.0128607540103091 0.0740168722515519
2015 0.0130362222566533 0.0417885324101237 0.163487127142448 0.0804438031972571 0.0686969097207594 0.119868201341561 0.0924955370317619 0.0901851822262639 0.0392908953634033 0.0631357351754867 0.0498892325264883 0.0853320588671421 0.0187016316654751 0.012532938392543 0.0167628686084342 0.00466765178314643 0.039685472291053
N_1992 19
N_1995 18
N_1997 15
N_1998 23
N_2001 53
N_2004 43
N_2007 42
N_2015 29
ageing_error True
dist multinomial

@q_method nuisance

@estimate 
parameter q[chatTAN].q
prior lognormal
mu 0.16
cv 0.79
lower_bound 0.01
upper_bound 0.40

@estimate 
parameter initialization.B0
lower_bound 10000
upper_bound 250000
prior uniform-log

@estimate 
parameter recruitment.YCS
lower_bound 1.00 0.01 0.01 0.01 0.01 0.01 0.01 0.01 0.01 0.01 0.01 0.01 0.01 0.01 0.01 0.01 0.01 0.01 0.01 0.01 0.01 0.01 0.01 0.01 0.01 0.01 0.01 0.01 0.01 0.01 0.01 0.01 0.01 0.01 0.01 0.01 0.01 0.01 0.01 0.01 1.00 1.00
upper_bound 1.00 100 100 100 100 100 100 100 100 100 100 100 100 100 100 100 100 100 100 100 100 100 100 100 100 100 100 100 100 100 100 100 100 100 100 100 100 100 100 100 1.00 1.00
mu 1 1 1 1 1 1 1 1 1 1 1 1 1 1 1 1 1 1 1 1 1 1 1 1 1 1 1 1 1 1 1 1 1 1 1 1 1 1 1 1 1 1
cv 1.1 1.1 1.1 1.1 1.1 1.1 1.1 1.1 1.1 1.1 1.1 1.1 1.1 1.1 1.1 1.1 1.1 1.1 1.1 1.1 1.1 1.1 1.1 1.1 1.1 1.1 1.1 1.1 1.1 1.1 1.1 1.1 1.1 1.1 1.1 1.1 1.1 1.1 1.1 1.1 1.1 1.1
prior lognormal

@estimate 
parameter selectivity[chatTANsel].all
lower_bound 0.5 0.5
upper_bound 35 50
prior uniform

@estimate 
parameter selectivity[chatFwestSel].all
lower_bound 0.5 0.5
upper_bound 35 50
prior uniform

@estimate 
parameter selectivity[chatFeastSel].all
lower_bound 0.5 0.5
upper_bound 35 50
prior uniform

@catch_limit_penalty 
label chatCatchMustBeTaken1
fishery chatFwest
log_scale True
multiplier 1000

@catch_limit_penalty 
label chatCatchMustBeTaken3
fishery chatFeast
log_scale True
multiplier 1000

@vector_average_penalty 
label YCS_average_1
vector recruitment.YCS
k 1
multiplier 100

@vector_smoothing_penalty 
label smoothYCS
vector recruitment.YCS
r 1
lower_bound 1
upper_bound 10
multiplier 100
log_scale 1

@ageing_error 
type normal
c 0.08

